0
-7.059333160857988E-05
-6.238243008232537E-05
-6.863471917775352E-05
0
-3.198544553755997E-05
-0.00011433538011744481
-6.234520515522625E-05
-0.00011703419354705396
-2.66892730856165E-05
-0.00017998192945024342
-4.1465034177103066E-05
-0.00022858674747205205
-9.215990504730237E-06
-0.00024432543146356165
2.331338627750701E-05
-0.000378010329615893
3.366524360217879E-05
-0.00026156816871104844
0.00020154164621475484
-0.000660404087540851
0.00021879409011566105
-7.40474126853677E-05
0.00023748040016177523
-0.0022614342499283286
0.0011494237401470028
0.00020579871240697134
0.0002626959926135229
-0.00252887758004975
0.00020299680345884502
-0.005011677349203797
0.0003446218550453399
-0.004252595091888969
-0.0003246271348379126
-0.004121290785706075
-0.0004950391650629989
-0.001981218372670619
-0.0019438923851662904
-0.00446211104302191
-0.002155482139352568
-0.004862051600875011
-0.002624287043744261
-0.004031100525318685
-0.0025646504109570582
-0.004451234745410312
-0.002829757167935227
-0.004417906301299374
-0.002672254250806423
-0.0037582072184156826
-0.0033543708891255013
-0.004473507820519039
-0.003474687104531613
-0.0034304987988378003
-0.004841860931761286
-0.0031426363063285397
-0.004834013799935526
-0.003252318168892258
-0.003975144118646204
-0.0023767016767029616
-0.003224329957272891
-0.0015064481922992664
-0.003104496871832025
-0.0006465511846736292
-0.0007479506783248935
-0.00036560054977404996
-0.0017324289216827833
-2.4804911790138632E-05
-0.0001294709716877264
0.00011641664339744984
-0.0006188028963061351
7.892828287915787E-05
-9.740316571000412E-05
0.00024994101248904555
-0.00014737429071308428
8.079962981287283E-05
-0.0001059729871543992
0.00014346612359604423
-0.0001255412568043901
3.672723294610286E-05
-0.00011982149591607122
6.23144517433528E-05
-0.00014855793277950002
0
-0.00012288424715239596
0
-0.00014356395378599743
0
-0.00015954056278420087
3.9694816937951616E-05
-0.00015186443349584494
7.144971460967044E-05
-0.00014416121844740282
0.00010157186598671783
-0.00011846946433149291
8.932345179167936E-05
-0.00010495233437786758
2.397618298612429E-05
-0.00016850658378072744
0.0003776607003316126
-0.00033475822993726465
-8.275739461042879E-05
-0.0003196337298148888
0.0002872993060897335
-0.000760262981940877
-0.000200533325274172
-0.00046410027073382973
-0.00014336705363416768
-0.0012482644814575464
-0.00024964988641147754
-0.0005838464475284438
-0.0011110119830775758
-0.0015957098844796985
-0.00010313614786291815
-0.0006523579583679884
-0.00262553267931851
-0.0021498989676893773
0.00015911848998699372
-0.0005954688351963548
0.0003356394736322276
-0.00010866225207815938
0
-0.00017117272674285755
1.6746685407283764E-05
-0.00016738317634307567
3.5882861058216095E-05
-0.00014854935031647504
3.790917191053781E-05
-0.00014115289671571413
2.9801904661084686E-05
-0.00017561677646278986
7.447002288582814E-06
-0.0002617508689584727
-2.261044083447674E-05
-0.0003841195274463527
-3.562236887059983E-05
-0.0005025138102816434
1.3327832772780629E-05
-0.0005930410307764811
0
-0.00017548386276501626
0
-0.0001797568523613114
6.105753769841896E-06
-0.00017625467596246204
0
-0.00018463594252976848
6.814945819808947E-06
-0.00018267551707407473
0
-0.00019140079530793018
1.1761706116695857E-05
-0.00018902172600419355
0
0
1.4235681329717798E-05
-0.00018146632287875143
0
0
0
0
0
0
4.288902298818531E-05
-0.00019606938456092834
0
0
0
0
5.115531953628145E-05
-0.00022170301987732913
0
0
0
0
-3.7093089248295256E-06
-0.00023456106434265305
0
0
0
0
-0.000109161619077521
-0.0002206913398176344
0
0
0
0
-0.00011699802934691714
-8.892601109625718E-05
0
0
0
0
-5.1276301284353424E-05
1.8227456079180065E-05
0
0
0
0
-5.65519500124776E-06
1.592723208157466E-05
0
0
0
0
3.934469086224677E-06
-1.0414773354372117E-05
0
0
0
0
0
-1.4560268183471357E-05
0
-3.7491855532395535E-05
1.7493422013871267E-06
-2.3113581138687472E-05
0
-5.877533787327846E-05
-5.167210776618259E-06
-4.347395509135977E-05
0
-7.245256059729144E-05
-2.2002965601897184E-05
-6.10192589501745E-05
-4.9667272298611865E-05
-6.882007398195666E-05
-7.174686237870407E-05
-5.0368594831496846E-05
-0.00010922929225000243
-9.584219837488472E-06
-7.573470448996717E-05
8.16873779896591E-05
-8.045566773405544E-05
0.00019539057387559303
-3.8140847546264166E-05
0.00019266578445656553
5.472100840203046E-05
-0.00048015045580263385
3.860170589000886E-07
6.160231499146088E-05
-3.0210372962851274E-05
-0.00023272886071362166
2.7907831689822455E-05
-0.00015915511653260758
3.106890125888522E-05
-0.00020306082782365655
5.9120758990721966E-05
-0.00023932569571977202
3.943135443475258E-05
-0.000278634722775172
-6.0466376489765104E-05
-0.00028787250149732435
-0.00014244448369415356
-0.00020150190958153139
-9.182263124192177E-05
-1.778396960254794E-05
-2.9141686861733178E-05
3.397504820345891E-05
1.2515494946068449E-06
2.5482403903636514E-06
3.0466443097360496E-05
-0.00025006106090597405
2.3981751489161246E-05
-0.00033068035010988886
2.8685949846264007E-05
-0.0004293003298976722
2.36566190637685E-05
-0.0005118621794117303
1.2084789576436881E-05
-0.00048090580617103987
1.5562844031221838E-05
-0.0001670476897661921
1.221172990088181E-05
-0.0001809469054873409
-7.5656096516766485E-06
-0.00039976324863679955
-8.090560386525645E-05
1.8836752954080535E-05
4.119860115005897E-05
-0.00021931996225632404
6.591297590480318E-05
-0.0002998887166235937
6.938482239726837E-06
-0.00037189375142580167
-0.0001103435418359221
-0.0003352726635813203
-0.00011657193709265878
-0.00010927872822464376
-6.827881954325462E-05
4.4658586941375214E-05
-1.2445816684221044E-05
3.357998494385103E-05
-8.233967749778927E-07
-1.9830024615126972E-05
1.9585821818816683E-05
-0.00019380977179413172
-2.056085008459742E-05
-3.448913160275513E-05
1.8929487339668533E-05
-0.00017295005974732672
-3.998531409639915E-05
-1.0649389154196442E-06
-4.662428750081254E-05
0.0001368688985053535
2.604082533683394E-05
-0.00018581387981637595
-4.549604791556877E-05
-0.00033400970881755296
-6.877097279592227E-05
9.891200617108409E-05
4.452623156691101E-05
-0.000242154202281835
4.680139318667239E-05
-0.0003599422252504401
-3.1518087803511985E-05
-0.0004235756757489991
-9.239472116048635E-05
-0.00025418320089650066
-0.00010088474577335158
-4.986974080739906E-06
-3.883675117385033E-05
7.860423375845478E-05
-1.007050102802727E-05
4.316754924756257E-06
-2.5892459944898047E-05
5.808251459855397E-05
-9.511542467743992E-05
-0.0001498235698241951
2.9799609128212202E-05
-0.00021868607380270272
3.8226293809868534E-05
-0.00034864052634896343
2.5162626704877962E-05
-0.00020119796073616615
4.209759777451901E-05
-0.000283489563278113
2.627697310299764E-05
-0.00041972940502552937
-3.2875670464163815E-05
-0.0003936362732621622
1.7502267342345604E-05
-0.00045956718757209254
-3.0768245281315774E-05
-6.990869706804438E-05
-3.8996141850492795E-05
-5.3191303670522064E-05
0
-5.4591558632731754E-05
-8.795972960328738E-05
-6.571189173642904E-05
-0.0001253978113126064
-4.760247686947175E-05
-9.150340249531681E-05
-5.069982995977232E-05
-0.0001468026569909279
-5.4115880115343865E-05
-0.00022153430335702956
-3.17442592284254E-05
-0.0001717906801742719
-4.167961527828945E-05
-0.00021255856636240452
-1.7516282370315037E-05
-0.0003400404997884426
1.596984851625835E-05
-0.00027460788441153566
-1.539535865838909E-05
-0.000256485037998352
9.809477622510845E-05
-0.0005246662531714849
0.0001758576919784361
-0.00041403105627114544
7.907198840306079E-05
-0.00017541237845485665
0.0002163776628809795
-0.001479281718015521
0.00028992193222201514
-0.0008723496494325861
0.0003611388300596534
3.480308714280808E-05
0.0002652675917137696
-0.0014421683371326943
8.177223172003631E-05
-0.0012688335316667493
0.00016014979137322742
-5.692921028417489E-05
-3.153214749197081E-05
-0.0001697761245935393
-2.0338337910501617E-05
-0.0002973234060266682
7.103297194993932E-06
-0.0005009558828041416
9.216148810564997E-05
-0.0013021850737382158
0.0007351661217962439
-0.004348564020555398
0.0011246625775828863
-0.0026551286985158074
0.00040995920243267793
-0.004298212604076555
0.00030837150284425234
-0.004818232993193676
0.0001851404689352
-0.004749013439866403
0.00013979443710555872
-0.004988900795678137
-0.00044495181631463987
-0.0032096582940628147
-0.0012423754166362884
-0.004807263626632124
-0.001402281670717584
-0.00425948128185376
-0.0023336459999850623
-0.004342683512665986
-0.000804972568870993
-0.0038716900359983515
-0.0028461727889845245
-0.004562396481482504
-0.002867878072446501
-0.00472484952075903
-0.002705668040329009
-0.004766920470808952
-0.002770527572231885
-0.004738372004760548
-0.002855153754241054
-0.004138769993420368
-0.003028256980346627
-0.0045283939289622955
-0.003121043642482637
-0.0042741999781457825
-0.0034670853099718173
-0.003626074267532141
-0.003984930907689137
-0.004092463646863024
-0.004099791475584372
-0.0032978104769352634
-0.005005764835942485
-0.0035868633459847743
-0.004687736322824345
-0.0030374840742560267
-0.004692549776772286
-0.002759149950219074
-0.004101444744088582
-0.0023891418296867464
-0.004125005947065389
-0.0018065075029083427
-0.00335620278415269
-0.001547086343608548
-0.003065054968758807
-0.0014245820876979468
-0.0027366271229390497
-0.00041512509750835644
-0.0016408256545857487
-0.0003084710516150944
-0.0003611886843377862
-0.0002367555972146515
-0.0006804306215279152
2.7313969669676965E-05
-0.0003180086941920873
3.7544945771565534E-05
-0.00010665678659923031
0.0001461161213249135
-0.0001269459867587197
0.00013247967234468342
-0.00010206998169088113
8.672268377053451E-05
-9.810270406922228E-05
0.00011582920283144377
-0.00010108851415241427
9.6594569598862E-05
-0.00010978465151227287
6.084488696060003E-05
-0.0001135997926257036
7.015823278033398E-05
-0.00012415651862766192
4.4601466587683E-05
-0.00013271682195126894
1.861757128915586E-05
-0.00012215967940123681
1.7506018592801874E-05
-0.00013211095845576046
0
-0.00013321501157931986
0
-0.00016428390528733933
2.969782739963459E-05
-0.00014782730146237905
3.1082009254122355E-05
-0.00016841390015864474
2.0304935561830467E-05
-0.00015602634543877836
6.306814327811878E-05
-0.0001674585424599577
5.497501748885308E-05
-0.0001473517730060589
9.087192127082088E-05
-0.00016091973523891037
8.797419110729589E-05
-0.0001266192992542374
0.00014004701953426843
-0.0001542411231934132
0.0001866921739485553
-0.00015172545882994812
0.00010020648594488712
-0.00010152385832707528
0.00023976472908759645
-0.00015785521975518468
0.0002873492165787715
-0.0001826516567959846
6.47706627024988E-05
-0.0001272704367314137
0.0003117693172008252
-0.00023485508602487035
0.000307976732149989
-0.0003201682740251871
-1.712344723841982E-05
-0.0002466234039914632
0.0002408247853934734
-0.0004313733881832482
0.00013045751309841288
-0.0005784740505143139
-0.00014063850382333185
-0.00039976915360832865
-2.8024513264878815E-05
-0.0007106438495791019
-0.0002310917961680555
-0.0008008123584631877
-0.00023618395293090123
-0.0005303637970213056
-0.0004884754611981879
-0.0008970906558755029
-0.0007451509183666867
-0.0009686441109797057
-0.00018765459122836752
-0.0006321858601962098
-0.0011220640088106914
-0.0011175644034722536
-0.0015828475793294226
-0.0012402880981065394
5.416060103836568E-05
-0.0006308284737905727
-0.0022789438176585163
-0.001532186952108168
-0.002398522459263638
-0.0017041836115328016
0.0002534726399937219
-0.0004611871907232931
-0.0024387150245016097
-0.001594115660434818
-0.002779782557194743
-0.0011930714262078333
0.0002870191681449864
0.00010757242244667162
-0.0023915326324263613
-0.0006200621290033646
-0.002015937838288897
-0.00028553565703355946
-0.004538314868652631
-0.0011822638356508534
-0.003374882018864997
4.7746321906584274E-05
-0.004165434710776677
-0.002625693236269676
-0.003713344376589735
-0.002503038808767035
-0.0026972553852601857
-0.0019128482080774528
-0.0018022503505351114
-0.0018334418255526765
-0.0006057442673438658
-0.0015129443810870634
0.00011962550415354687
-0.0010121343843204587
0.0003746843417561966
-0.0005194055439945652
0.00031747321778003877
-0.000212169171506911
0.0001941055597713318
-0.00012898591048593824
0.0002817208369254695
-0.0004527834388288361
0.0001819731325327352
-0.00023235922562637665
-1.4239425985940624E-05
-0.001171488368412403
-0.0009502834531532323
-0.002583647817269368
-0.0023008762510075146
-0.003621657209545402
-0.0045607207633134
-0.00302458315137381
-0.004197422535107286
-0.00261246375339675
-0.004036427652883368
-0.0038931363901051376
0.00010156737251736095
-0.00013957981865774655
0.00027408695367411927
-0.0007713723828876064
-0.003974179178155778
-0.003095285202710407
-0.003148872049670704
-0.0030081900525775335
-0.0021577383402512956
-0.0027039124828442257
-0.0013294617776187718
-0.0024292549772021443
-0.000736737806510453
-0.0021700342378847583
-0.00017243824042388145
-0.0015905532326468755
0.00010509817447420567
-0.001158882924280815
1.3313318081174274E-05
-0.00016466041004948445
0
-0.00016672379025713113
3.6572326181929246E-05
-0.00015764752127477022
2.6755030621032725E-05
-0.0001612174066058375
6.046528214481592E-05
-0.00013512195095537888
5.2708825149681057E-05
-0.00014480029474434747
5.79938559367265E-05
-0.0001231582128814017
6.0759101510015365E-05
-0.0001251550306109149
3.0099373869375682E-05
-0.00016798166020276853
4.721728371317996E-05
-0.000137596883733309
-2.3556697797393316E-05
-0.00028080727158239643
8.586440951606272E-06
-0.00021962777647764262
-8.779351929064192E-05
-0.0004157900548186766
-5.717349742332867E-05
-0.00035159565007125
-0.00011313435931345619
-0.0005400559060585487
-0.00011185372655475215
-0.0004809783037731698
-2.3237084976860843E-05
-0.0006301234694547145
-7.631573715054902E-05
-0.0006047782855090889
0
-0.0001736741617472011
8.736063872438838E-06
-0.000170270521038466
6.3109165535149005E-06
-0.0001728858542249384
0
-0.0001777356255787
3.6014212020266887E-06
-0.0001761143830128209
2.810928409075423E-06
-0.00017844464201591075
0
-0.00018195869754916542
3.0106362682827306E-06
-0.00018082617665855956
3.903564380620458E-06
-0.00018342188233627307
0
-0.00018777903981395672
5.184856762374303E-06
-0.0001864450284890691
6.417144591796972E-06
-0.00019003489791438906
0
-0.00014424498298833566
6.804737672606653E-06
-0.00018859078419538895
4.662693009102028E-06
-0.00011759416341662002
0
0
8.807351698598328E-06
-0.0001183642759640855
0
0
1.3428414200795789E-05
-0.00011846866233494562
0
0
2.1854690824317487E-05
-0.00012080755112431167
2.4414819074410578E-05
-0.0001214384936715383
0
0
2.7790058522381084E-05
-0.00012248591569038016
0
0
2.8626426546608906E-05
-0.00012602657970772107
2.4732252956438514E-05
-0.00012461919387632544
0
0
2.0915968860516716E-05
-0.0001244404825543454
0
0
5.1771292402035625E-06
-0.00012424902733009684
-6.980365996337449E-06
-0.00012164921465741569
0
0
-1.9797670828245492E-05
-0.00012081313916628613
0
0
-4.931409123428817E-05
-0.00011728340087912605
-6.454543905285213E-05
-0.00011347444477153657
0
0
-8.029181116535924E-05
-0.00011100252858227541
0
0
-9.587925642761568E-05
-8.806216173831444E-05
-8.887659233211483E-05
-6.894184712497118E-05
0
0
-7.529806267053945E-05
-4.402687261933873E-05
0
0
-4.4502249617176675E-05
-5.76246507850162E-06
-3.3189097360055656E-05
3.807066857910253E-06
0
0
-2.2130643479848324E-05
9.334118067636562E-06
0
0
-7.239271678108859E-06
9.009676493546004E-06
-2.4948677763541856E-06
6.678685544894269E-06
0
0
8.189477951069427E-07
3.820966117136677E-06
0
0
3.356345221180052E-06
-2.5026062276543772E-06
3.2672255570915533E-06
-5.034896843676912E-06
0
0
2.7543829079310647E-06
-7.075406155896942E-06
0
0
8.048271004873302E-07
-6.867918109821703E-06
0
-7.067469561363891E-06
0
-2.5966534340293897E-05
1.1551389272749694E-06
-1.970354521919947E-05
3.9579666527754195E-07
-3.091959578609832E-05
0
-4.8635864966002466E-05
-1.4026411876792835E-06
-4.1851344567885376E-05
-4.452505917492447E-06
-5.24633817319993E-05
0
-6.759277060170918E-05
-8.844534720439095E-06
-6.134877498457578E-05
-1.5808172910630728E-05
-6.908508545731482E-05
0
-7.278050229362308E-05
-2.5296941139188503E-05
-7.219228200079641E-05
-5.6762536871293715E-05
-6.973979487521695E-05
-7.784174424911857E-05
-6.666015454568318E-05
-9.512605929221655E-05
-5.932959801220605E-05
-0.00011626091372722081
-4.7964341984722825E-05
-0.0001468054136524394
-2.9029903837371127E-05
-0.00016225910062312647
2.734563405670104E-06
-0.00013824782086429047
5.6737883315763696E-05
-0.00013127173507924983
0.00012617102079622716
-0.00014605103524338537
0.00020108161356072358
-9.254438649129531E-05
0.00022588017966845494
-2.92060887375846E-05
0.00023670590913508517
2.1471073745946753E-05
0.00023459431604666396
5.3719770372652475E-05
-0.0006095483732306839
0.00013208399620124407
-0.0003963750125055912
0.00011126531205843626
-0.0005441951189937427
8.182040962592847E-05
0.00015541062464131082
0.0001300154269238754
-8.067926127085234E-06
-2.271556625121885E-05
0.0001600026952782701
-2.403901922902593E-05
-9.496748051318442E-05
6.29260682859698E-05
-0.00021101883203230795
4.82214257260166E-05
-0.0005614907280459686
-5.0456170715363876E-05
0.00020985004466471217
-8.162031275812096E-05
0.00014190959278960816
-9.437886670444573E-05
3.213391522020881E-05
-9.104665783826342E-05
-3.477402741202708E-05
-6.401121055148751E-05
-6.239301640570231E-05
-1.2106404887498538E-05
-5.2829224527214426E-05
-6.022710005725875E-07
-3.331290400700616E-05
5.616305168786124E-06
-0.0001793823897930473
9.467964181987922E-06
-0.00017237546934365314
-1.9745680061226565E-05
-0.0005615239174348446
-3.3532917994861744E-05
-0.0004436961460512062
-8.170910269563201E-06
-0.0003211159433277877
2.1153617391349083E-05
-0.00021290278952276753
3.554799101543766E-05
-0.00015099257970496369
3.780550968443498E-05
-0.00014263770462051573
3.2115895210580944E-05
-0.0001541337516850136
4.54611175914386E-05
-0.0001519773326168379
2.2668928134233254E-05
-0.00016395301953885805
8.966932606311853E-06
-0.00018584227561492875
1.450440339488276E-05
-0.00019361353512290132
2.330585591435556E-05
-0.00019200848809687848
2.2263319243835476E-05
-0.00014417338467475303
3.799181399647611E-05
-0.00020211993907132825
5.155427296477975E-05
-0.0002162044568340604
3.701953600586074E-05
-0.00015390358001095067
5.79361112912306E-05
-0.00023455485869113696
4.811841407998924E-05
-0.0002491339508240197
1.9414009281131894E-05
-0.00015867897220141636
1.877653149826258E-05
-0.00026048148930071704
-2.9404203806523163E-05
-0.0002628969999040366
-4.1803721216399054E-05
-0.0001540530731733332
-8.77019530104088E-05
-0.00025669706311860774
-0.00013649538785542696
-0.0002266910947639842
-0.0001122088494259079
-0.00013100983010645023
-0.00013380139297789243
-0.0001415120596406352
-0.0001030677757113042
-5.1068743060897134E-05
-6.750402758950129E-05
-1.7963853637084377E-05
-7.217327805033322E-05
5.513346950957072E-06
-4.053450113585184E-05
2.8393745263787136E-05
-1.712333259648477E-05
1.4179162721448743E-05
-1.5530853742303234E-05
2.536121765372339E-05
-1.3418019884089234E-06
1.0494856132014889E-05
2.9187630403889318E-06
8.900045051904101E-07
3.419497736630397E-06
-5.600916793993289E-06
3.017291857606593E-06
-1.6920117118044125E-05
2.2323298370018833E-06
-1.122217370049753E-05
-2.3855139691294984E-05
-7.184173455054843E-05
-3.439710386884452E-05
-6.617736585680205E-05
1.3269650154012222E-05
-0.0003632306203357281
2.391638116084363E-05
-0.0002518899587236126
2.6995507696151594E-05
-0.0002133204247056035
7.64665339524364E-06
-0.00035331720350909035
1.4477026755903134E-05
-0.0002967484857348164
8.816265155791344E-06
-0.0004608578807428279
1.0553921631957226E-05
-0.0004085258254589476
1.636582676724799E-05
-0.000552317721949476
4.495982648406631E-06
-0.0005137798472732331
2.2926892437263023E-05
-0.0004881323486930489
2.808221695378341E-05
-0.0005422430108486948
1.6802535216907258E-05
-0.00016716213513476297
1.0111876405959427E-05
-0.00017261186008868737
8.523764857743424E-06
-0.0001772896551737787
9.498490632190918E-06
-0.00018204117646154587
-1.8601620656593537E-05
-0.0003279033003216712
1.962930925363611E-05
-0.00043828179228654583
-5.325695850629561E-05
3.720171588430035E-05
-6.510548353402855E-05
-8.675836701502529E-05
2.3681074692808612E-05
-0.00015922906706695994
2.0595114515799853E-05
-0.00016324293521857366
2.0949970901709363E-05
-0.00019666898883953336
3.714092145800999E-05
-0.00021196656720727427
4.688123496435084E-05
-0.00022142709552560452
5.3319706898880884E-05
-0.00023590181354597728
6.595073970310492E-05
-0.00026929463282482184
6.33304894770037E-05
-0.0002737766805711358
5.896781038953677E-05
-0.00030144151171231006
2.6917116908333817E-05
-0.0003270650939618362
4.061732902842447E-07
-0.00031177473507399203
-2.763955670832298E-05
-0.0003382398865659159
-9.367970772086308E-05
-0.00032766453013405045
-0.00012128934111799682
-0.00028888598566367656
-0.0001343982335789359
-0.00026945037491713907
-0.0001254204600301728
-0.00015566471548314302
-0.00011899107417017959
-9.815818992971181E-05
-0.00010917867145327799
-5.457592919325561E-05
-8.1436996751427E-05
1.49689194982967E-05
-6.19797531028394E-05
3.0054689366419696E-05
-4.802279209004123E-05
4.369781237802562E-05
-1.9811422590659843E-05
3.7692007628179966E-05
-9.109038807135982E-06
2.4323323306593876E-05
-4.03424001650264E-06
1.5354895642328073E-05
1.16183323495007E-06
-7.675616681545629E-06
2.457470347814333E-06
-1.4987396918068885E-05
1.288280118566992E-06
-2.344149190427157E-05
1.2118614181394431E-05
-0.00018665194212815102
1.602369818830998E-05
-0.00019149525799546513
-3.394552805422791E-06
-3.226264119938083E-05
-1.1538864799872782E-05
-4.130524431412985E-05
-2.34866309066033E-05
-4.99003716852367E-05
2.4846426700016492E-05
-0.00015908034178985925
2.2819372296270567E-05
-0.00015863771818455316
-4.317242242038205E-05
-5.8031956718862174E-05
-5.72257436096831E-05
-2.8747466446307768E-05
-6.790130384719435E-05
-4.610689716078031E-06
-5.665373451203175E-05
3.187114258796156E-05
-5.327835316329421E-05
0.00012112456823898735
-5.665671437567242E-05
0.00016687843007139047
-5.1063291799676065E-05
0.00017414215423608263
-5.733254239912713E-05
0.00011856552854577068
2.840079497084489E-05
-0.00017983880631523494
2.85430015002162E-05
-0.00016128856341455708
2.8151985928793544E-05
-0.00021361917160304597
2.274522382572224E-05
-0.00017621343843179926
2.7660468806586097E-06
-0.00044996833562028875
1.4990272933210555E-05
-0.00018742880925840845
1.162911861257295E-05
-0.0001738022351770365
2.4071391410189057E-05
-0.0005119177457360794
2.5638580170081872E-05
-0.00047422210767842157
2.5875255541574872E-05
-0.00038245484071644173
2.9140616172984823E-05
-0.0002862655244715781
-4.277915565028276E-05
-0.00029723215671396096
-2.805695581629031E-05
-0.0003658389704346652
-6.024637464200136E-05
0.00014143032663169013
-7.951843738363733E-05
7.842828073057438E-05
1.670755540340125E-05
-0.00016707769830040173
2.5525692509602008E-05
-0.00020006695288230653
2.9172464001810645E-05
-0.00020442667812153176
4.3477304650203885E-05
-0.000229605816154662
5.6754435350380155E-05
-0.0002527117869577846
5.636254806098923E-05
-0.00027187114988253686
5.8385588644570754E-05
-0.0003297226723867376
4.982413441387642E-05
-0.0003420699737660942
3.4478253420146634E-05
-0.00038073236579173886
-1.6068564800453256E-05
-0.0004072654479832915
-5.644205245487776E-05
-0.0003757234247009182
-7.30250086517242E-05
-0.00038809685294590064
-9.763770337819914E-05
-0.00029766817930683767
-0.00011840543169340707
-0.00022495989409027084
-0.00011080645638690014
-0.00017785750893994576
-0.00010981102392288518
-5.963651727218869E-05
-9.980762428488078E-05
-1.2448719100801448E-05
-8.727779540279308E-05
3.075379753388584E-05
-5.3164674542390987E-05
6.730221224780959E-05
-3.534825568737518E-05
5.468691733505945E-05
-2.4396764146402284E-05
5.586460838371849E-05
-9.119222859135692E-06
2.1656365951814964E-05
-2.8057043711685807E-06
3.823510104803904E-06
-4.525424772556391E-06
-1.1020473112909566E-05
-8.224645877030821E-06
-2.6782843790433726E-05
-4.1125974148548E-05
-4.26057786502964E-05
-2.977693097906773E-05
-2.150132132377157E-05
-3.02676944943887E-05
3.0058605206866734E-05
-4.262288992630233E-05
7.114761136751968E-05
-3.64375810525887E-05
9.677686104983887E-05
-5.3680329344393514E-05
0.0001291430234502157
-9.215729965912438E-05
-7.315224494573551E-05
-7.19817062969203E-05
-0.00018607557049373467
-9.514448330011447E-05
4.827056806287755E-06
-0.00010439284932281653
-6.556289675159477E-05
-7.449896420388719E-05
-0.00024184600943893443
1.4994435969789782E-05
-0.00017759446715073617
3.077013026448684E-05
-0.00023085559638189555
2.6511280769132394E-05
-0.00020326372152088684
-4.184271575741281E-05
0.00010623187491444648
-5.454737074185134E-05
9.570977540956233E-05
-8.657200982351335E-05
5.151252993856187E-05
-1.3681304984722678E-05
-0.0004159123925905825
3.388476058217717E-05
-0.00033950594940990175
3.521249920726859E-05
-0.00029981126470322514
3.221216029737385E-05
-0.00021065373353214983
3.427630609723757E-05
-0.00021915716759921336
4.37890495109427E-05
-0.00026056914026711606
5.2052182117988125E-05
-0.00029467798397237073
4.6494267183246806E-05
-0.00032257433860599996
3.472251833381754E-05
-0.00039104458586167005
1.683504086144263E-05
-0.00041322332473415525
4.105192896334013E-06
-0.0004334703049433553
-3.132675310478397E-05
-0.00041243000662755276
-6.658007599763972E-05
-0.00036207878542762403
-6.47377870044882E-05
-0.0003294764329547853
-9.345541045896726E-05
-0.00020892263157810086
-0.00010797851153777861
-0.00012775696969917136
-7.120752973457933E-05
6.891453310150803E-05
-2.8950880455253002E-05
7.531069523583796E-05
-1.7819584418997327E-05
4.594130302468854E-05
-1.7204586003666863E-05
2.7082251108759108E-05
-1.4718848347976818E-05
-1.5443718059143796E-05
1.7665814064740342E-05
-0.00018846974190359252
2.258490105224772E-05
-0.00019672519660918902
3.466393963115494E-05
-0.00038610492634555404
2.28837112570842E-05
-0.0001912403252462315
-2.149630936696897E-05
2.7671918321802227E-06
2.6080804908123817E-05
-0.00048368880940819967
3.0127055820639958E-05
-0.00045726793390828656
1.454912521105451E-05
-0.0004744219274785289
4.0780600198974016E-05
-0.0003551270952735653
3.580110132904646E-05
-0.0003892252387780633
2.126585797439305E-05
-0.00044306502623681424
-1.1516283789231307E-06
-0.0004396007091207795
-4.003464554882771E-06
-0.0004392288515177277
-3.843807521751214E-05
-0.0003698712322697112
-6.945270878017302E-05
-0.00029076571843050444
2.755984964082788E-05
-0.00020792214859789715
3.56923378057266E-05
-0.0002314810826112533
4.0410449449133226E-05
-0.00031356885179901
3.558829183156228E-05
-0.0002682452719504399
3.625021477278394E-05
-0.0002484726661871866
1.973362755332942E-05
-0.00018797386732443203
3.3082881806299725E-05
-0.000423796702786243
-8.20407086790946E-06
-0.0004332666016708137
