0
-8.700539080709613E-05
-7.13137442330636E-05
-8.543058842738586E-05
0
-4.309203155877274E-05
-0.0001305188002315153
-7.91650394584148E-05
-0.00013301869832761282
-3.848450522079064E-05
-0.00020340527993325608
-5.273391028539319E-05
-0.0002635036966074264
-2.301465215643478E-05
-0.00028004748565266377
4.943294143805628E-05
-0.00046294010363562884
2.666763487935847E-05
-0.0003521276106595014
0.00022780645346557812
-0.0012085185379564305
0.0005566015145737901
-2.2258768328170878E-06
0.0002764224296882955
-0.012463451504102208
0.006123176414401491
2.8180031699804285E-05
0.0001898732239221379
-0.01375961594627759
-0.001401743416268893
-0.08231800992539337
0.015136973098811908
-0.10239420048291394
-0.005218035263864345
-0.029312270855013478
-0.003974596552596368
-0.10727792558834168
-0.023262626359152792
-0.05180328653420004
-0.013346496240519201
-0.10459700358735809
-0.03437711794536289
-0.06142308152240235
-0.01968001317925901
-0.09456342192164821
-0.04919157514141725
-0.08234057353239405
-0.03680047428870532
-0.08491473954641723
-0.06240880034226591
-0.09830373226067995
-0.0647459721452912
-0.08292100756281151
-0.09555268112571601
-0.061831362480769314
-0.0715381201583987
-0.04473679560639083
-0.04637829115902005
-0.018171329864055574
-0.01624804895885588
-0.007436056006252567
-0.008273590538579921
-0.0005905424716341707
-0.0002771622058927864
-0.0005902109267710376
-0.0013544972395892682
-5.145473219353257E-05
0.00014806430323025324
8.594767539184733E-05
-0.00021451699968257076
7.330654964781215E-05
0.00015985422550178832
0.00022784553359792183
0.00012174796368494972
7.72021598834722E-05
0.0001393060548721646
0.0001308628014370097
0.00012657736878920328
3.52246525386425E-05
0.00012205428199827534
5.797825177835421E-05
9.590305735835553E-05
0
0.00011870569442378257
0
9.966911650371654E-05
0
6.91216008341447E-05
4.68120948368619E-05
7.85025664031061E-05
8.651974452005597E-05
8.698599929526929E-05
0.00013924385998717565
0.00011189981081365097
0.00016229536916696584
0.0001303259726859879
0.0001298550407556538
9.549652706273767E-05
0.0003586383463242711
-2.027403657784907E-05
5.081836518093538E-05
-4.7870638132795074E-05
0.0003231682729477812
-0.0003976176404819516
-0.00012233694610510565
-0.00016874387390896847
-0.00010816403725835764
-0.0009090252547352892
-0.00026210655165619903
-0.0003672542125849228
-0.0025403217361278057
-0.0022210392515035447
-0.0001264114667699824
-0.00032419306182497956
-0.01835603297894632
-0.012167947948565142
7.063094762389398E-05
-0.0001679417980884508
0.00014506302325354185
5.0968405514849324E-05
0
5.0844312267834396E-05
2.886691675898782E-05
5.535535185058338E-05
6.785434095879495E-05
7.718731002188256E-05
8.447332095976484E-05
9.287672599056496E-05
8.841223075335065E-05
8.120788181902733E-05
7.064666618379078E-05
2.181974825499894E-05
2.4675868035503682E-05
-7.28949381640226E-05
-1.3769109828719263E-05
-0.00017536277060709038
-7.734882909714758E-06
-0.00021533526147320126
0
4.086129292425744E-05
0
2.8759417758377967E-05
1.4457708048314323E-05
3.791716732499083E-05
0
1.860761250234086E-05
8.463179449464393E-06
2.5619624193432347E-05
0
9.784264245324067E-06
4.884426695231851E-06
1.5119048166546342E-05
0
0
2.486915070814432E-06
7.5164528430112995E-06
0
0
0
0
0
0
9.82859649509813E-06
9.385000547193142E-06
0
0
0
0
1.883973204290473E-05
3.972892217605009E-06
0
0
0
0
1.6298972973293933E-05
-1.2813545307154874E-05
0
0
0
0
-6.84227497178754E-06
-2.1012297374795735E-05
0
0
0
0
-2.8075569588598527E-05
5.331950395457558E-07
0
0
0
0
-1.902022633396396E-05
2.5179283563411207E-05
0
0
0
0
2.5447004631342675E-06
1.3552557841383338E-05
0
0
0
0
5.898392698212629E-06
-1.4092627523815734E-05
0
0
0
0
0
-1.7738255594845417E-05
0
-4.5719859614765275E-05
2.602373649280963E-06
-2.8604377847767613E-05
0
-7.169647156593257E-05
-5.221332570541713E-06
-5.37369718404462E-05
0
-8.867045866126945E-05
-2.46968982589675E-05
-7.522594473891898E-05
-5.6513692602858345E-05
-8.51924636646826E-05
-8.134504515555142E-05
-6.429276582330806E-05
-0.0001257207171236561
-1.6077407764504212E-05
-9.538502041718435E-05
7.797907924611547E-05
-0.00011121479583166781
0.00017755012981797262
-6.520882629363592E-05
0.0001460430709673763
-4.4584528298853955E-06
-0.00014944675820839637
-2.8726914805244546E-05
9.28973198782556E-05
-3.5073226523276964E-05
-3.07942331338653E-05
5.048298376951775E-05
6.499209147748167E-05
7.40160278240891E-06
1.1603255685867231E-05
1.8489789279040202E-05
1.1124302634520251E-05
2.4662709617335923E-05
-5.1315220312474555E-06
7.977183630365032E-06
-2.7330275943290676E-05
-2.4187480575170212E-05
-1.878240188713312E-05
-3.366884953575006E-05
2.0798097546813332E-05
-1.0492969222725915E-05
3.250499092613546E-05
5.586041123766526E-06
-1.4803243587558843E-06
6.177682054998389E-05
3.5722485967414064E-05
5.581419177623948E-05
-1.7624536397656265E-05
3.894448832484872E-05
-8.533804743704812E-05
1.0279137944190441E-05
-0.00016354032587434508
-8.969901187049845E-06
-0.0001516194322187369
3.5925513176212644E-05
5.406675074453096E-05
2.186512584149385E-05
3.784178771236435E-05
-2.6756649167283906E-05
-0.00011256406594177884
-5.9820327144887494E-05
6.634227560281189E-05
1.7316923931621886E-05
1.9203432131572468E-05
3.1264370126716145E-05
8.593771057927024E-06
2.6253144344779518E-05
-2.73644360804029E-05
-9.975462566005856E-06
-4.5280419340615156E-05
-4.3446384717048736E-05
-1.3268708685633054E-06
-3.3870831715160366E-05
5.150384679913911E-05
-4.566251189863082E-06
2.7869919873912095E-05
8.583676076619326E-07
-2.6836838486392865E-05
1.3704422383064115E-05
2.3748073402544978E-05
-2.2360635918609298E-05
-4.542166630665603E-05
4.440039487253412E-05
5.937658437732071E-05
-4.580851783551247E-05
-9.923191299929246E-06
-5.826669362897843E-05
0.00012064822521642635
6.184338978060941E-05
6.659296747391769E-05
-3.5609097589286726E-05
-8.193499408453049E-05
-5.323118246573278E-05
9.472137713742446E-05
3.119748187507971E-05
2.457604491717426E-05
4.002231185808619E-05
-1.0040363400527774E-05
1.4190208308122567E-05
-6.085768230174385E-05
-3.4620913717112786E-05
-4.4693955345826916E-05
-5.3445522618825224E-05
4.216964834418378E-05
-2.759808019571464E-05
7.020703979746315E-05
-8.518147969719162E-06
-3.2703886008282612E-06
-2.7722159645708318E-05
4.9736813819499515E-05
-5.443403148107091E-05
-9.004423682011306E-06
4.424050343250539E-05
4.259866581953972E-05
5.1623882028211255E-05
-1.456427950696608E-05
2.7044476190881117E-05
3.489483437111446E-05
4.584518848334084E-05
1.8333254743020666E-05
3.75530390224468E-05
-5.150648753375446E-05
-1.0424360815582145E-05
-8.88488758817585E-05
1.8823403256616853E-05
-0.00010451433672861374
-3.5158920786518536E-05
-8.638770661855734E-05
-4.4515707042082335E-05
-6.741987492773355E-05
0
-6.886840917788746E-05
-0.0001005085082667886
-8.257655119214662E-05
-0.00014315531118312173
-6.282392750507626E-05
-0.00010447241535745699
-6.541077054658499E-05
-0.00016708577092531296
-7.01587215937785E-05
-0.00025133652657090055
-4.814459336631438E-05
-0.00019589645640948647
-5.766484929956364E-05
-0.00024202575674782487
-2.1898847315115003E-05
-0.00036921716532872697
1.1699679830430229E-05
-0.0003077131200357907
-2.8168857419387516E-05
-0.0003086802522340433
0.00010289039766714705
-0.0006808166298406977
0.0002508404859189878
-0.00045882486477156575
0.00014539882413465086
-0.0001581964570163644
0.0001587188374015426
-0.006344055047484205
0.0013360403243845506
-0.0031099964369013045
0.001302332037370896
-3.8774711084008074E-05
0.00014208788475445107
-0.0047590641699209795
-0.0004587796169384182
-0.005433884798520196
-0.00029258369938860856
-6.461998151355144E-05
-4.2942888179816827E-05
-0.00019427101629866797
-3.2614177251035284E-05
-0.00035303258882562723
-3.5606024447430717E-06
-0.000755796876887332
0.00020844160712405434
-0.005841172151999418
0.004934339737973458
-0.04095540205683933
0.012020724208112305
-0.01452564147511852
0.0030659171847941275
-0.039215860556058475
0.0041914023900615095
-0.09150408931018406
-0.002202212878583831
-0.05856103976991854
0.0012756763856240014
-0.07476065408510953
-0.006820125262192153
-0.10656416250177186
-0.012892424107938862
-0.08562247692307155
-0.010572121216162546
-0.09514630966963922
-0.022221130820984595
-0.10671009164449576
-0.02737964549871391
-0.09794225337626603
-0.025706487212997182
-0.10075219433612406
-0.034430835495380126
-0.10089929068959547
-0.040410620625084034
-0.10442767195519659
-0.04068207675265545
-0.10204546044926556
-0.04896472590679317
-0.09048738972690354
-0.055520094334357714
-0.099690723278558
-0.05914897451856538
-0.09578112707562719
-0.06538187990674346
-0.0847982995125993
-0.07629310207788752
-0.09218714874458325
-0.07931852804652004
-0.07172884076852346
-0.07743449483822576
-0.06733158290239107
-0.07122817996023215
-0.052272082006311636
-0.060370458145602574
-0.03729894185550105
-0.04053477190205047
-0.02976518223425255
-0.03433545994856126
-0.012429249297858025
-0.011840412744837044
-0.008021201013313333
-0.009869999379956276
-0.006388278145341115
-0.006844723538338628
-0.0005191603292980182
-0.0014485490425977174
-0.00032834450847906154
-3.925218097819427E-05
-0.00029942718580538616
-0.000236051228475722
-1.5608583684411747E-05
8.953075850384046E-06
2.510566803878756E-05
0.0001563845429110658
0.0001261730839226581
0.00015029691504289677
0.00011668842308568486
0.00016171078514114895
8.227861080301818E-05
0.0001516288443058761
0.00010390296392588801
0.00015291115493590648
8.800477554699921E-05
0.0001384812333639282
5.830669270623682E-05
0.00012949149460099452
6.462486261934226E-05
0.00012051675760351918
4.123928004078651E-05
0.00011034465238623017
1.780761140263058E-05
0.0001195111704744567
1.631681736874855E-05
0.00011011677440999137
0
0.00010901971544576006
0
7.785223861005511E-05
2.762472910266292E-05
9.552070201899326E-05
3.072978500476579E-05
7.197611394504227E-05
2.3658078804371973E-05
7.339467267123909E-05
6.180228355934613E-05
7.435599134260687E-05
6.582458300962449E-05
8.353458792076385E-05
8.862209887583323E-05
8.183126678285024E-05
0.00011271622519817419
0.00010210294758022931
0.000135299429032893
9.296404640377065E-05
0.00018214632993842044
9.967283727058476E-05
0.00015401678287566331
0.00012915694985513385
0.00023653359913631796
9.76432280404664E-05
0.00028936004783165504
8.137733209031758E-05
0.0001531842472869465
0.00012196755742949553
0.0003296213599016098
3.922458708317117E-05
0.00034802960445553296
-2.3325549884579966E-05
0.00010244579927798405
2.9125609075537906E-05
0.00031280588464429855
-0.0001196379045513285
0.00023529799642461316
-0.0002603339016922848
-1.981115221275242E-05
-0.00012000922924007562
0.00011432636847835594
-0.00040260086062114675
-3.081515472561354E-05
-0.0005126865955108438
-0.00016971147401910068
-0.00021739563173446205
-0.00043661151753507436
-0.000643798751163379
-0.0009154634270548709
-0.0008547266479157593
-4.8217123580979843E-05
-0.00020105473334718765
-0.003951749232786965
-0.002784142425527096
-0.008647343413471922
-0.0036578672414955965
-3.923788283749009E-05
-0.0002969107415762666
-0.0181551153008555
-0.006086855073612788
-0.019815590757308526
-0.006255566096856673
0.0001474760801258259
-6.905216894330726E-05
-0.01686442032041134
-0.004509738673493982
-0.01679854890975599
-0.004487804050057505
0.00012440519654724697
9.887640149798885E-05
-0.010760330891269914
-0.001939441965704081
-0.00862716882979355
-0.0013950115024991966
-0.042733508946304066
-0.004213286440678862
-0.021847482499741742
0.0005394494171066747
-0.05825523044240243
-0.014767967315672734
-0.04638991935901158
-0.02747039737377628
-0.02581910528037439
-0.009584904240344895
-0.008912835772272231
-0.007036900930383949
-0.0009881937503188715
-0.0016633891000831964
0.0001663122790810635
-0.0006597686008697895
0.00037966992830016895
-0.0001733744148605179
0.000293608575607079
7.563727385071287E-05
0.00017620503174530509
0.00013023563642196312
0.00025873660887672245
-0.00010128346808082819
0.00015475340869258134
7.288509069815208E-05
-9.036102704277499E-05
-0.0008161500808517436
-0.0032896231960207415
-0.0047281101735067305
-0.022702509352591417
-0.026089969497834497
-0.08984244477414861
-0.056464917289332416
-0.07241415797919455
-0.029106310612758
-0.07202493863863814
-0.05219238240551501
9.348410726261282E-05
0.00010796756742106547
0.0002695214273133687
-0.0003803118435753601
-0.059053639146434654
-0.03581308631707253
-0.036358891270597916
-0.02442584584099707
-0.01637169692508441
-0.01671323350812093
-0.004850686399444389
-0.0049396309574434374
-0.0019850435942853047
-0.0031787891580860317
-0.0001552384253459442
-0.001228067341243519
8.439281804799585E-05
-0.0007555632903725358
1.8212951562631934E-05
6.160211294423124E-05
0
5.9225436386017155E-05
5.2240612445931915E-05
6.963277748493063E-05
3.7372817877512346E-05
6.563761844253363E-05
9.62195634712191E-05
9.249403844188361E-05
7.889797149104969E-05
8.227227130361975E-05
0.00011586260412040745
0.00011088079822651684
0.00010740877886309704
0.00010435611918223342
0.00010793546156992326
9.039436605247711E-05
0.0001152502111080887
0.00010754531676149953
6.656887998315827E-05
-2.071823433941883E-06
9.451781927372502E-05
5.163224590480284E-05
-2.188378096678909E-05
-0.00010931018628238323
2.483308188191775E-05
-6.108150842809232E-05
-8.035837287870105E-05
-0.00024271897695255645
-6.213319589915299E-05
-0.00016714815672908
-3.956742204212923E-05
-0.0002555437658759499
-7.804323824482282E-05
-0.0002565770841293641
0
4.554060916371616E-05
1.4573843064484513E-05
5.1958844663715226E-05
1.2096911560129077E-05
4.648844094615537E-05
0
3.446043353079291E-05
8.318273474512286E-06
3.860197495554954E-05
6.26799418266428E-06
3.245406164450321E-05
0
2.3537998620141998E-05
4.788654814933964E-06
2.6722318535373282E-05
3.6806090096750674E-06
2.1518283269371385E-05
0
1.406896163290601E-05
2.778120363895855E-06
1.6625370431445213E-05
2.02763168645765E-06
1.2101517366528564E-05
0
4.599703830728604E-06
1.4405921831911588E-06
8.541608755924072E-06
5.744982838236502E-07
3.414396690333988E-06
0
0
1.2093548875119596E-06
3.566903624745328E-06
0
0
1.9375169155812113E-06
3.7841522276763767E-06
0
0
3.860894657135627E-06
4.240644464382874E-06
5.073671050100577E-06
4.286371992621215E-06
0
0
6.3887565500998515E-06
4.148860756171893E-06
0
0
9.030230086617537E-06
2.883122247245712E-06
1.0069253728099628E-05
1.6755113996860804E-06
0
0
1.0743142478192671E-05
1.3244624294398225E-07
0
0
1.0209251804263025E-05
-3.8542465239169155E-06
8.737348734505284E-06
-5.827082077375194E-06
0
0
6.518067289112468E-06
-7.611212712462911E-06
0
0
-7.899218395994554E-08
-9.555924050416113E-06
-3.981344072611563E-06
-9.210899260514091E-06
0
0
-7.844561678256763E-06
-8.021374868586676E-06
0
0
-1.3911561382352194E-05
-2.8227646411567962E-06
-1.54086277520396E-05
5.624862678497294E-07
0
0
-1.5782195744447878E-05
4.055894677992486E-06
0
0
-1.2726798134869244E-05
9.979642431703125E-06
-9.732610769142816E-06
1.1458361782980958E-05
0
0
-6.293971630366702E-06
1.189267898666713E-05
0
0
3.6224870589735567E-07
8.978030093665388E-06
2.7918216895572777E-06
6.098969875596456E-06
0
0
4.453718847509099E-06
2.8052459858428445E-06
0
0
5.16056195617632E-06
-3.994197834044722E-06
4.544657773369981E-06
-6.731714282259696E-06
0
0
3.621615909639328E-06
-8.959368210035819E-06
0
0
1.0051839045100165E-06
-8.388388956912483E-06
0
-8.608812202751028E-06
0
-3.165341118238716E-05
1.5471122372679794E-06
-2.4090673144945216E-05
7.610123422711548E-07
-3.783052463015007E-05
0
-5.932439650952609E-05
-1.2656659521455564E-06
-5.121177714250032E-05
-4.777005909020125E-06
-6.418032826487497E-05
0
-8.252608792454035E-05
-9.849633477100874E-06
-7.504702834609106E-05
-1.789331669196448E-05
-8.458654204264449E-05
0
-8.931705127392282E-05
-2.8875628181740617E-05
-8.879292338810629E-05
-6.477319318160324E-05
-8.650278395357439E-05
-8.875240240059499E-05
-8.335136666166171E-05
-0.00010813580522403977
-7.50516800735717E-05
-0.0001317905126205594
-6.130928676854712E-05
-0.00016662134590721085
-3.7941644721775636E-05
-0.00018458166270014873
5.695724928866941E-06
-0.00016697345059787547
6.0241866454913834E-05
-0.0001620296014746232
0.0001260514544507256
-0.00018600909786069947
0.0002034151625660268
-9.332038697839511E-05
0.0002129846929885184
-7.435687451655534E-05
0.00017818298629808382
-3.327144948724113E-05
0.0001560582368587502
-8.874967490339982E-06
-0.00025778422025582795
4.7861904019338725E-05
-7.017807301588214E-05
2.8905989824523637E-05
-0.00016931965333993881
-2.9707180983771283E-06
0.00013903124556230093
4.417343465612077E-05
6.40193898749624E-05
-4.544707266363195E-05
0.00012973916453111467
-3.213104681904465E-05
2.823756803648804E-05
1.3873723076665134E-05
-7.3064566016006055E-06
-3.278697602395451E-06
-0.00021150685704330804
-8.567784722609585E-05
0.00017243182953404802
-0.00010646290414369122
0.00013650203849234488
-0.00011289151231842016
2.942205909090348E-05
-0.00010364833566510858
-4.604633958680063E-05
-7.268225957507364E-05
-7.801314208851981E-05
-1.3242724062946163E-05
-6.521087871916992E-05
1.2120579919447979E-08
-4.1231519589915444E-05
1.0977824106847386E-05
3.155230816136341E-05
2.0397095199387613E-05
4.5881686032017005E-05
-2.713552804078196E-05
-0.00022033150496407472
2.330983110079821E-06
-0.00012187519065646676
5.001000948936304E-05
-2.4480655788132466E-05
8.342919816405474E-05
5.746726496888219E-05
8.86133372407265E-05
9.263477051887903E-05
7.728528137664769E-05
8.600262044540508E-05
5.924504965093693E-05
7.071082400193773E-05
6.67087010586133E-05
7.530648151296906E-05
3.985556340394916E-05
5.9523937737282484E-05
6.5200747363002904E-06
2.0217901318142842E-05
3.6722982728706424E-06
1.1196782228050338E-05
4.597815699512117E-06
9.379840957132388E-06
3.657465452079298E-06
5.3469876564724884E-06
8.75087634836965E-06
1.071005021439659E-05
1.3913402642238738E-05
1.0708627514111752E-05
9.875514431574676E-06
4.939745710621536E-06
1.910375419693795E-05
7.673330361558997E-06
2.2344197604585244E-05
5.864337219579907E-07
1.3717034811681211E-05
-2.3909678100639785E-06
2.0992751377905673E-05
-9.786445802783053E-06
1.3401904488120322E-05
-1.9935329445260573E-05
4.368100364732024E-06
-1.2034885025024797E-05
1.2640323073166053E-07
-2.533662454448464E-05
-1.526705357056792E-05
-2.1712193032399213E-05
-1.4119913776283472E-05
-7.888809329915317E-06
-2.7614942513395587E-05
-8.4693734473942E-06
-3.1986801857832536E-05
9.586450830757938E-06
-1.8775544524895398E-05
9.747813750290296E-06
-2.6913995660589286E-05
2.5157269450154507E-05
-1.5237725200253666E-05
3.043207344395702E-05
-3.886308045536707E-06
1.4670891730810768E-05
-2.9299345592467612E-06
2.31710812051613E-05
4.716621882867454E-06
7.305022265462462E-06
5.987639223660137E-06
-8.595629441194609E-07
6.374139912768834E-06
-9.447151703019172E-06
4.410829983340431E-06
-2.15019556787017E-05
2.8860040204571976E-06
-1.3864365234050186E-05
-2.716071858192002E-05
-8.81821385182776E-05
-3.894982384538179E-05
-8.166088658530767E-05
-1.9025215685063547E-05
-8.515036152364347E-05
6.856086079916876E-05
3.323649814363297E-05
7.166904754837963E-05
5.669981630930174E-05
4.635899768641182E-05
-4.0777835850800553E-05
6.097676708514214E-05
6.259922266348139E-07
2.178693925431732E-05
-0.00012477758192064314
3.5288974617838926E-05
-8.047705249289439E-05
-6.087315402859427E-06
-0.0001991978500519298
3.297350659166613E-06
-0.00017273561218867847
-1.2805962229255974E-05
-0.00016157503237915032
-3.789651996630866E-06
-0.00018769565897018212
3.375353570618537E-05
5.413858691981008E-05
2.4059920799535315E-05
4.501701851924653E-05
1.8740573998624036E-05
3.783907475822003E-05
1.4505828979576733E-05
3.1001325713568215E-05
-3.228043092823557E-05
-7.500953107229986E-05
-1.7392114390689384E-05
-0.00013036215475551588
-5.0625454545782196E-05
7.882049742955442E-05
-5.129424969803516E-05
2.6149116116622878E-05
4.973833096140107E-05
6.451116447587016E-05
4.250605619611557E-05
5.92581667988451E-05
6.405692768877065E-06
1.3489009407416895E-05
1.181118469863526E-05
1.5337411989548196E-05
1.3637610968726637E-05
1.404546597988908E-05
1.8368162307263818E-05
1.5523823548099433E-05
2.4953296078520794E-05
1.129390959958565E-05
2.5245943143944595E-05
6.111929332420531E-06
2.8828489353446954E-05
9.31130649489513E-07
2.689799529447288E-05
-1.4350581918621576E-05
2.1380075286082803E-05
-1.963310994457495E-05
1.716645702468355E-05
-2.9469501689526577E-05
4.614132530775857E-07
-3.7376416484122786E-05
-8.698905921776198E-06
-3.229902337979155E-05
-1.893593056679385E-05
-3.223510971508709E-05
-3.441766847367368E-05
-1.3437841956418471E-05
-3.626817646943238E-05
-1.0634029652505095E-07
-4.0506365315030445E-05
1.3141597394303664E-05
-3.5113482933303727E-05
3.597780164136567E-05
-2.6362881429274122E-05
3.767003434389064E-05
-2.163259620887735E-05
4.410913422989854E-05
-6.9928092392483555E-06
3.3540075360026685E-05
-1.777858527291041E-07
2.0343725867949004E-05
2.010470509780974E-06
1.061444227341661E-05
4.057491632445656E-06
-1.3131099746139727E-05
4.525182913211123E-06
-2.032402122411573E-05
2.6049864811764946E-06
-2.9802894158141406E-05
1.1338952454848436E-05
2.4795423909174455E-05
8.758207325839188E-06
1.8978736947408703E-05
-2.73690437224488E-06
-4.093361699377546E-05
-1.2188859295741929E-05
-5.215758468926114E-05
-2.606579733438355E-05
-6.265351833808185E-05
6.0600137800355446E-05
7.45436653834218E-05
5.3764761636189835E-05
6.876510140425146E-05
-4.8740567157095726E-05
-7.255264883592773E-05
-6.513338912608995E-05
-3.9841707051286104E-05
-7.869246440731599E-05
-1.2794804704807997E-05
-6.800858194109822E-05
2.5779771399008986E-05
-7.060765762909775E-05
0.00011195713099475951
-8.047540522067341E-05
0.0001486554294349452
-7.113315836879954E-05
0.00014671839070764386
-5.875813651689144E-05
0.0001114428415190695
7.43307023448915E-05
7.464417157469067E-05
7.102261931901297E-05
8.061337716376224E-05
6.2559294998837E-05
5.4222762387950985E-05
5.344821335151027E-05
6.506687573159739E-05
-1.8950892086317577E-05
-0.00013886023138523496
1.7339910040184863E-05
3.0531049392096624E-05
2.7612143538432367E-05
4.571837724899955E-05
2.0437341907202306E-06
-0.00016440120540624562
2.5317764584260774E-05
-0.00012673729075444312
4.7332856424921784E-05
-5.2134857061472695E-05
6.189659880932361E-05
1.3901328141444763E-05
-4.0198187545435315E-05
-6.47926300773715E-05
-3.2442221446220883E-05
-9.683507013155679E-05
-6.301633913438978E-05
0.00012159863876901739
-6.031556228112728E-05
8.871443183103463E-05
4.078787965814868E-05
5.759050300737506E-05
1.0486105007547702E-05
1.7401373614644652E-05
1.572453841333997E-05
2.1987401777679924E-05
2.3932900445516263E-05
2.2682116458153448E-05
2.500008687184585E-05
1.7320686511265726E-05
3.1924098838095885E-05
1.6872439823557156E-05
3.6587002091714694E-05
1.85719599892116E-06
3.2684311281381965E-05
-7.582803988824202E-06
3.4065068132800515E-05
-2.068386983366914E-05
2.200712228322163E-05
-4.3401504197172064E-05
1.0983473099091261E-05
-4.279316197927478E-05
1.5256151565947677E-06
-5.564194197519787E-05
-2.203714699433525E-05
-4.864294099795122E-05
-3.034874067975985E-05
-3.0406033557192798E-05
-4.1453030778875106E-05
-2.1283244840034077E-05
-4.993701926124007E-05
1.7632773227041487E-05
-4.441192550490292E-05
3.10587813390174E-05
-4.521940688198187E-05
5.177116890729607E-05
-3.080252319860924E-05
6.415871773931582E-05
-1.7963948226762698E-05
5.009367677892649E-05
-1.4763671598353096E-05
4.8940026686495816E-05
-4.981433125110686E-06
1.5072587222396232E-05
8.521749270609799E-07
-2.159211361591265E-06
-2.696986116085059E-06
-1.8435283687271396E-05
-7.856132426015832E-06
-3.5890564006457217E-05
-4.6281047773749054E-05
-5.519041616071883E-05
-3.3144730187352565E-05
-3.181238976625832E-05
-3.4768597030310406E-05
2.2266681130185192E-05
-5.286266994663613E-05
6.382676570079043E-05
-4.257337805391246E-05
8.640182027439859E-05
-5.400378461194199E-05
0.00011326483621540775
-5.90154217643829E-05
2.504860744404966E-05
-5.1468070799883794E-05
-1.839191715713971E-05
-5.9733528483062615E-05
5.395657220725637E-05
-5.679394533575767E-05
2.1745628487694277E-05
-4.707244211674946E-05
-4.422051467108806E-05
3.2021872742861294E-05
4.783910743286039E-05
5.406725066092942E-05
4.303745821404234E-05
5.190750461279921E-05
5.375321640820052E-05
-4.054795461006541E-05
9.383434843286166E-05
-4.1354999570385404E-05
8.716468639867817E-05
-5.398397745703183E-05
6.933264583902123E-05
-2.225065135928999E-05
-0.0001191263210961642
5.510354196569376E-05
-1.578791595633483E-05
5.697221988414607E-05
9.591042101176478E-06
2.2033149950128012E-05
2.6593489445466897E-05
2.940409367223921E-05
3.0767702711403944E-05
3.886293906197146E-05
2.385757442962058E-05
3.8693293889554366E-05
1.2889018028957103E-05
4.392104325485281E-05
3.5250162237158295E-06
4.064399532377965E-05
-2.7869300630735394E-05
3.22783448211353E-05
-3.869438728450192E-05
2.664115224209761E-05
-5.993747190909983E-05
3.0254823841028558E-06
-7.729355033239335E-05
-1.0722489779959004E-05
-6.522320055610265E-05
-2.397136842767131E-05
-6.828798801791942E-05
-4.589491454531046E-05
-3.2255745182721215E-05
-5.060099679618057E-05
-4.366085441621231E-06
-4.361141080072139E-05
7.183489688298086E-05
-2.5823617265164343E-05
6.609625189069566E-05
-1.3751799676699748E-05
3.841350286625661E-05
-1.6786939738863086E-05
1.9357226922352665E-05
-1.5123848662370004E-05
-2.455943102547785E-05
2.4557828084133242E-05
3.722312945769399E-05
1.9837404760491732E-05
2.9240943584224466E-05
4.885478895552719E-05
-4.45308940780903E-05
4.4156547957983704E-05
5.315372729193871E-05
-2.3215035714548222E-05
-5.82581196341414E-06
1.7277009398659372E-05
-0.00013213698314508242
3.0933654351056545E-05
-0.00010171416958408737
4.3823716014884445E-06
-0.00013303519655077055
4.637137494779728E-05
-1.2361135199197987E-05
4.5765700473187124E-05
-3.526020530402775E-05
2.999223524916873E-05
-7.780166273081354E-05
1.6998153648184618E-05
-8.118493575685545E-05
4.640758347612553E-06
-0.00010158278628071352
-2.372425190050754E-05
-9.145708324662105E-05
-3.665143688043261E-05
-6.169643330752525E-05
3.54016995080092E-05
3.999398075572175E-05
3.744347910857668E-05
3.289791165523616E-05
5.0326036387062016E-05
5.675105874052705E-06
5.3524361413314814E-05
2.6095685032955993E-05
4.557356742894301E-05
3.173995508641038E-05
3.4283228597522636E-05
4.632335693796619E-05
4.1010507893100314E-05
-6.734293027458628E-05
-1.02264792011125E-05
-0.00011792902468446206
