0
-6.991557306582769E-05
-5.379092818063463E-05
-6.738759516144305E-05
0
-3.545417660162989E-05
-9.87375391397923E-05
-5.9453891919459406E-05
-0.00010805239614401551
-2.9095323924888464E-05
-0.00015444174701057518
-3.318660977497112E-05
-0.00021355739804247183
-9.563800797451547E-06
-0.00020917636207871623
5.2195515978504387E-05
-0.0003651531361589809
3.5772478311556916E-05
-0.00022556210879614322
0.0002534518162247805
-0.0007758441388970958
0.00034259370337190453
6.838558255939061E-05
0.00030012034600139514
-0.004987025460032827
0.002595122444621383
0.00023141645953705166
0.00025043053470159143
-0.0052616106570224355
-0.0003641195808500985
-0.017141483185319082
0.0010359322697708236
-0.017597521594438746
-0.0029807236523219857
-0.009670733139498816
-0.002193231762376945
-0.01644954522848293
-0.005797484629012122
-0.01302302293062425
-0.004591688785259729
-0.014193357627406592
-0.009010294814011579
-0.012055293790184423
-0.006377634415704936
-0.01192262925426382
-0.012318185967292696
-0.012328862585644388
-0.009653664935167842
-0.010862721005032246
-0.014117771758283122
-0.01193082326627989
-0.013158113011367552
-0.011025246278275242
-0.014118795169182553
-0.005929062837183217
-0.0059327708999268106
-0.0029973474057667167
-0.004178928071562504
-0.001556836757834377
-0.0014781110377308365
-0.0008518561843538753
-0.0013201759806553623
-0.0010450722206265784
-0.0006658688014295824
-0.0005033127640579344
-0.0008897677735302083
-0.0003592569360463116
-0.00019316806152195817
-0.00030020165376772
-0.0005331985344685965
-0.0001557038516229985
-0.00013281984421195658
1.3586815940988604E-05
-0.00015646244500141376
-6.019887387867042E-05
-0.00011653906800874678
-7.587610429525023E-06
-0.00010611958455265802
-1.6570966643162462E-05
-0.00011945947123604903
-6.09150382152708E-06
-0.0001083905313667595
0
-0.00012123696252279784
0
-0.00011440012375960734
0
-5.1631588334041106E-05
5.311953935727818E-06
-5.289732876375547E-05
1.3931988217448776E-05
-6.221610314239776E-05
3.3974134553853015E-05
-7.343919183052522E-05
4.307492546065913E-05
-0.00010376513781018212
4.3975899061577084E-05
-0.00019789632470075882
4.3553216675188365E-05
-0.00031470697308351794
4.7606444315683995E-05
-0.0003509104772570666
-2.353608702928043E-05
-0.0005471417643458966
5.8798481976169027E-05
-0.0004922330423328611
-0.00013254791816109037
-0.0007788267242513497
6.809875623211272E-05
-0.000536965030914046
-0.00029622210269979643
-0.0009848425973737994
0.0001812473769179013
-0.0005353806419208657
-0.0012961789636818728
-0.0018706965564721512
0.00039872605639768927
-0.00024400176223460246
0.00038930198181674096
7.598858902805282E-05
0
-7.377559689599258E-05
1.1987903706674481E-05
-7.807605112488195E-05
3.058228950684115E-05
-9.319301882431547E-05
4.9161694265925835E-05
-0.00012147985279676102
7.301622937364634E-05
-0.00018652252076421447
9.280634922192302E-05
-0.00028453698495770757
0.00010676188288537917
-0.0003951966925830365
0.00011947073840422258
-0.00046208612995508533
0.00016499725481485103
-0.0004380944141410617
0
-8.907894221229021E-05
0
-0.0001114699274674582
1.4350213364627256E-05
-0.00010362057213982902
0
-0.0001316313547132103
1.5584638859723212E-05
-0.0001257364346350185
0
-0.000148238167035325
1.5092697972604E-05
-0.00014333996935752408
0
0
1.2860624447339759E-05
-0.00014662495308723558
0
0
0
0
0
0
3.558496133555247E-05
-0.00016312535078651623
0
0
0
0
3.9592112407520246E-05
-0.00019103392506938151
0
0
0
0
-5.218592637859715E-06
-0.00020046522973455466
0
0
0
0
-7.157840858055609E-05
-0.00015901244937446476
0
0
0
0
-5.544562013986816E-05
-2.984580475642526E-05
0
0
0
0
-1.7359138279487356E-05
3.3810349063027184E-05
0
0
0
0
1.2624020778454566E-05
2.382001616060706E-05
0
0
0
0
1.252658607490617E-05
-5.428531322176824E-06
0
0
0
0
0
-1.1505307237851675E-05
0
-3.236505543012004E-05
7.085311369891856E-06
-1.826151153049016E-05
0
-5.4017123519984125E-05
3.2578040671770434E-06
-3.756096174668995E-05
0
-6.995533701943495E-05
-1.19316251038536E-05
-5.6079507965083736E-05
-3.887443204737351E-05
-6.569104997677586E-05
-5.015826386618749E-05
-4.322121103854208E-05
-7.57970783811314E-05
5.155422627139625E-06
-3.285608051452121E-05
0.000105862588327503
-2.4465270895705706E-05
0.00021836374824368496
3.075897140158209E-05
0.00020403580997995115
0.0001554951095874207
-0.00022274206233360502
9.802783694877948E-05
0.00012832244614883158
7.051707605595296E-05
-5.258569261897862E-05
2.184865549580149E-05
-8.5444125175832E-05
2.8405245745940538E-05
-0.0001620529639803905
4.8837364604061745E-05
-0.00019808458155173327
3.084830208522469E-05
-0.00023731112282953694
-4.004796409757118E-05
-0.0002258066116324611
-6.519648101050736E-05
-0.00010316172872591907
-3.9440867068889305E-05
1.9732959366811423E-05
1.2925921266206987E-06
4.650396392217801E-05
1.7487603809365358E-05
1.022060193921117E-05
8.898325188131767E-05
-0.0002454326547521868
0.00010481816749249815
-0.0003266467210360155
0.0001045142013414066
-0.0003794763287631314
0.00011063042675203211
-0.00040603738447265135
7.93717224933417E-05
-0.0003100409224385658
2.6040394768235525E-05
-0.00010171279381266524
3.1628423869554056E-05
-0.00012916954781314917
7.153529886961684E-05
-0.0001968886488017095
8.994747007202205E-06
8.943727898946298E-05
4.361113164695366E-05
-0.00017483814240396543
5.588601201377932E-05
-0.000239261190667351
1.703205126419308E-05
-0.00028781731049628764
-3.6739154354907154E-05
-0.00019930658586519035
-4.87871107830905E-05
-3.2019451112519186E-05
-1.8103829976243114E-05
6.966221515712374E-05
1.6395559381065985E-05
4.5906740535827176E-05
1.3295267722706879E-05
-1.2530293950143052E-05
3.115122433059926E-05
-0.00014791550190265505
-1.4212199831728847E-06
-2.6191992018204623E-05
4.79670930241217E-05
-0.0001377296199800062
-9.444628577724755E-06
1.243899800420882E-05
3.302523375966538E-06
0.00015764190832296548
6.906079758069804E-05
-0.00017542541312726492
2.122113160066459E-05
-0.00016946845829653515
-6.166375873300741E-06
0.00012809060261501602
5.784055241267405E-05
-0.0002024479353814005
5.7722141286371776E-05
-0.00028384695374405154
1.5549531386498615E-05
-0.00028441957264011865
-2.8835073790170864E-05
-0.0001318812901531935
-3.0446727665015428E-05
5.084010156991385E-05
5.041830369529763E-06
9.677193910175887E-05
1.520714381252758E-05
1.5663614530282526E-05
1.1538390477693972E-05
7.516160085272588E-05
-1.6666611323394934E-05
-3.660955789876533E-05
6.678386197924295E-05
-0.00019442505873277713
8.642490414232607E-05
-0.00030661073923359504
4.786612698048794E-05
-0.0001630000226967264
7.266846218565177E-05
-0.00024676522055933764
6.317956562129802E-05
-0.00032574101994488694
1.6336561247959824E-05
-0.0002486309477495764
6.521786484221196E-05
-0.0003390856131530555
-2.647841482536486E-05
-6.910974580079735E-05
-3.514355792724615E-05
-5.460542744858271E-05
0
-5.6109283494575404E-05
-7.59004210080813E-05
-6.379964484570268E-05
-0.00011340147952716852
-4.769958974043531E-05
-8.257149590712413E-05
-5.142054431066419E-05
-0.00012651971309650726
-4.940237424276052E-05
-0.00020119634225729304
-2.9141739775036257E-05
-0.0001556914910620837
-4.0555666210952135E-05
-0.00018237487431072783
-4.033990930529113E-06
-0.000305056100117857
2.697493627282395E-05
-0.00024898126398306935
-1.0020504189356405E-05
-0.00021555245140662035
0.0001321957601165425
-0.0004946307636608801
0.0002323300703237479
-0.0003695863758703908
0.00011608132559459867
-9.27545531957504E-05
0.00021660218544294375
-0.0026851049030840093
0.0005505957058500079
-0.0013446655633173362
0.0006324548584832976
0.00010451701612511366
0.00022839861418433305
-0.0019467345968190953
-0.0001172163073220895
-0.0021312413491642234
3.98093324407503E-05
-5.2422886654838215E-05
-3.474022376192057E-05
-0.00015763822138797264
-2.1719115140501205E-05
-0.00028237230411000923
8.976731204111965E-06
-0.0005295403993613582
0.00013445158072411534
-0.0024776060182153106
0.0018448566157374755
-0.012201674046107861
0.0032500344060773356
-0.00581091492008624
0.0009803339433489804
-0.011621872075996898
0.000301325713754276
-0.01779705322770875
-0.0008091618951737451
-0.01403921810434809
-0.0003162677850297793
-0.016013774183299297
-0.002746954946727864
-0.017229293613001153
-0.003857769494288326
-0.016615000749810455
-0.003676370319697881
-0.016833323679303156
-0.005861880180534601
-0.015479503210864649
-0.007289338353378132
-0.016314055052004547
-0.007183455597702781
-0.015661558286572466
-0.00888953526270226
-0.013045698988715965
-0.010724828985505069
-0.014815746915875623
-0.010660448806395818
-0.013512546038981074
-0.012100606155086756
-0.011320623300723363
-0.013346081346522033
-0.01243881526366734
-0.013505859837744098
-0.01155528310619602
-0.014078189718561757
-0.010937044151631313
-0.014551849043632534
-0.010851251181427522
-0.014261246950119943
-0.008306210859454294
-0.009023791301927948
-0.006803693499943264
-0.00869968623504197
-0.0043619485188462455
-0.004959041319580495
-0.0032747708587241076
-0.0035299018841293862
-0.0024530114975146074
-0.0026993221017298646
-0.0012119882742287523
-0.001419287641693568
-0.001221814365293886
-0.0009977539351277293
-0.0009504526613254916
-0.0011210948966328682
-0.000781996464312728
-0.0008002019112328396
-0.0006957055773588151
-0.00038787765810337563
-0.00065550170108247
-0.0005986546833630091
-0.00034788233569189826
-0.00033989695286184424
-0.000243568641227106
-0.00016026366106661194
-0.0001337633298538457
-0.00016026963609504577
-0.00010601140897927781
-0.00012387749641819268
-0.00010077628931465689
-0.00011986119181109367
-7.771089405609398E-05
-0.00010781750683595132
-5.403001118362695E-05
-0.00010356221147683753
-3.571464104004446E-05
-0.00011666821605156238
-3.221466732330087E-05
-0.00010616131262824666
-1.8952144892177403E-05
-0.00011083271756344784
-7.95182694926124E-06
-0.0001208652970925983
-7.867206991217477E-06
-0.00011659774309532092
0
-0.0001174025234075178
0
-0.00010525812865438966
-6.771448549415804E-06
-0.00011242629853157673
1.847773754488837E-06
-9.577256898941552E-05
2.9758223976252782E-06
-5.187374686017876E-05
6.746697211124696E-06
-9.903162319963021E-05
8.343604726954897E-06
-5.6167245010219774E-05
1.2459912113896548E-05
-9.854145895287977E-05
2.3430151563110597E-05
-6.338732704238431E-05
2.6807926044229095E-05
-0.00010304459940483485
4.407576808814723E-05
-0.00011289860538276145
4.0165065737511455E-05
-8.207929352218798E-05
6.539496509664765E-05
-0.00013424315512552618
8.203709492945663E-05
-0.00016807643602074
4.5589774302721346E-05
-0.00014261714666067432
8.943118581690771E-05
-0.00021593028191394664
7.964300772422866E-05
-0.0002856507781787976
4.590348743664977E-05
-0.000271674824632126
5.772586304051379E-05
-0.000367092985836575
2.9469456444049236E-05
-0.00046365684897337403
5.2538448580805406E-05
-0.0004289624145507667
1.8620282643313764E-06
-0.0005614793984260562
-1.972374809812834E-05
-0.0006508430462760437
6.766005114369065E-05
-0.0005346261845034783
-4.414937305493437E-05
-0.0007173940367595222
-6.323247802812654E-05
-0.0007778762174183891
0.00012229831743177475
-0.0005133218544636914
-0.00019477499911653879
-0.0008949889647963012
-0.000498811997994264
-0.000919829059382482
0.0003364351390085381
-0.00037074567390159643
-0.0025009041873295572
-0.0018022795259211057
-0.003522918787782286
-0.00213416041423237
0.0004014082226776214
-8.222277934159111E-05
-0.0037005056470799393
-0.001575088928858808
-0.004286566990706599
-0.0015485315024290902
0.0003316518033787686
0.00014509401371906767
-0.0032949608810646284
-0.0008686557523881321
-0.0030587031707754943
-0.0007130272551388282
-0.011824380765188108
-0.0027212358086862714
-0.007744153560717879
-0.00027440328749362905
-0.012935289779075694
-0.00524113285749335
-0.005393074732885291
-0.004926479576188438
-0.0029375974756394316
-0.0024625175408016786
-0.0005829179714198794
-0.0012545356029327985
-0.00019382045365296435
-0.000891120341800649
-7.788711615670633E-05
-0.0006648304067713613
1.715192377893342E-05
-0.0004260599434644241
3.326568195036894E-05
-0.00021686866450070993
1.1488651662993569E-06
-0.0001214167282176902
-9.206713997123608E-05
-0.0004165731651821908
-0.00014529629115212495
-0.0002582246581511044
-0.0003937881842648223
-0.0007089273028309251
-0.0006419263999110602
-0.0010794925272940604
-0.00153464982912547
-0.002240731827185715
-0.01182030525211736
-0.012287264392365046
-0.012277499863055201
-0.008496004468569782
-0.006844591040978887
-0.00786867122254225
-6.333915609899038E-06
-0.0001062158772060888
-0.00012721142030944498
-0.0005707835483506445
-0.005750209547374318
-0.006175402456579437
-0.002435351689823305
-0.002802822449770561
-0.0010111532756869573
-0.0018440249058911083
-0.0004992604019985923
-0.0012025326809341381
-0.0003819679308431302
-0.0010073424418297477
-0.0002848862946080655
-0.0008582387194206974
-0.00020840679401044372
-0.0007218637587691687
4.232990733203619E-06
-6.29717691085982E-05
0
-6.245090923722926E-05
1.3895935799563899E-05
-6.940929312180752E-05
9.303266642594264E-06
-6.551669269623875E-05
3.1009025183937835E-05
-8.386502398098974E-05
2.2363390996252508E-05
-7.57726928837868E-05
4.7336631869900216E-05
-0.00011257595438566442
3.868715026365767E-05
-9.469838629473648E-05
6.491156384241249E-05
-0.00018948159768950382
5.6586922708885606E-05
-0.0001449366433724543
7.924934278302889E-05
-0.00031235922422647583
7.249352273512867E-05
-0.00024610106404595114
9.179422611823288E-05
-0.0004386667601207102
8.62031487974011E-05
-0.0003811136531630954
0.00010880139676621087
-0.0004984452662140822
9.734659982397147E-05
-0.000482474936713561
0.00019264704251722236
-0.00048732640716824677
0.00014617007407592152
-0.0004935418590480793
0
-8.143488588403455E-05
5.750144157004643E-06
-7.488845432247065E-05
6.4215287528665015E-06
-8.272616197739849E-05
0
-0.00010049430532793266
6.866432642646301E-06
-9.540153449379661E-05
7.347715296290588E-06
-0.0001066595156702134
0
-0.00012187547505140145
7.72054074236759E-06
-0.00011771442788692174
7.828083067161172E-06
-0.00012773600122099882
0
-0.00014036836566794393
7.709824122391454E-06
-0.0001369553868198186
7.272656752078447E-06
-0.00014531789274003799
0
-0.00011879525977963323
6.851027227486514E-06
-0.00014945262667234987
3.935089832075441E-06
-9.732487272813128E-05
0
0
7.450813483157997E-06
-9.804928117248049E-05
0
0
1.117611845544071E-05
-9.870098036123725E-05
0
0
1.7752693952138234E-05
-0.00010188611668042555
1.9733682398365048E-05
-0.00010343347343110898
0
0
2.2031766856368492E-05
-0.00010544480941853968
0
0
2.232561608492754E-05
-0.00011037752969907371
1.8929458812763987E-05
-0.00011057969486690357
0
0
1.5302498999158505E-05
-0.00011150593521125048
0
0
1.344132999225666E-06
-0.00011145816720240648
-8.6750436703493E-06
-0.00010833492318435218
0
0
-1.9114364441934374E-05
-0.00010646164895538896
0
0
-4.088868980531597E-05
-9.749925107005713E-05
-4.9675636548235917E-05
-8.92886261566455E-05
0
0
-5.7713961504126624E-05
-8.153793458874235E-05
0
0
-5.591368310070219E-05
-4.884420950900838E-05
-4.934933952808546E-05
-3.2780162086060334E-05
0
0
-3.752529109431283E-05
-1.2200703293367091E-05
0
0
-1.8540617849291364E-05
1.0127849787737323E-05
-1.1714589070839867E-05
1.4439500497373352E-05
0
0
-5.210664847836628E-06
1.6384459179522026E-05
0
0
4.466258667777282E-06
1.4055126673928739E-05
7.392825598421089E-06
1.1137677872093132E-05
0
0
9.147008873297075E-06
7.760797656653504E-06
0
0
9.094183076959345E-06
6.584031512193913E-07
7.824143269617088E-06
-2.187284397921511E-06
0
0
6.156361946269939E-06
-4.494838014423982E-06
0
0
1.6475508655858834E-06
-5.123343671142649E-06
0
-5.350598730820451E-06
0
-2.1528538121854193E-05
3.318681738097633E-06
-1.5773336854055242E-05
3.5027366104624537E-06
-2.5929503012587368E-05
0
-4.342978795002228E-05
2.485527040509895E-06
-3.645581554710328E-05
2.7995223014681326E-08
-4.722201715351079E-05
0
-6.37963007705817E-05
-3.941888372119135E-06
-5.670016345088631E-05
-1.0735479618566215E-05
-6.555810910162732E-05
0
-7.120608909141554E-05
-2.0779211980972115E-05
-7.047805910293317E-05
-4.70432844172386E-05
-6.756824516454367E-05
-6.442125136809577E-05
-6.372208892757407E-05
-7.626862961656038E-05
-5.434384291952074E-05
-9.213462287360736E-05
-4.038746273264324E-05
-0.00011709791761783912
-1.7655235053338006E-05
-0.00012604155294061
2.205521855840227E-05
-9.632564232409829E-05
8.33002648368518E-05
-8.278227730511029E-05
0.00015791432309590278
-9.286403922134493E-05
0.00023313403071611137
-8.713929984188653E-06
0.00025709015077814146
3.6492364293242005E-05
0.000240838131294158
9.365534955030558E-05
0.0002266442510037523
0.0002359106616514965
-0.00037795748653393635
0.0002492311272191905
-9.201315600899408E-05
0.0002520757090525323
-0.00023952948299294646
0.00015519768279606983
0.0001856120883259333
0.0002215862766187295
9.624867200681841E-05
6.234033341110225E-05
0.00018363464140594074
8.586127589197323E-05
3.857571763046623E-05
0.0001781780412806181
-7.130512481096779E-06
0.00016661978687707696
-0.0003420422750202781
8.311620159398331E-06
0.00022511147088851748
-3.2830413042980646E-05
0.00016914355082743235
-5.546456676813749E-05
5.288224863448168E-05
-6.36769451062452E-05
-2.465529811601641E-05
-4.79725340334294E-05
-5.764357666608946E-05
-2.658386693508893E-06
-4.719115918638394E-05
6.4495589612342645E-06
-2.7632962835325015E-05
1.5174682459107791E-05
-0.0001150452022133392
1.3466078218367638E-05
-9.108965794229693E-05
0.00013689640553706358
-0.00046421443852904046
0.00011202091030383912
-0.00043658573397525186
0.00010078192361570271
-0.00034258093772308526
8.362279586635986E-05
-0.00023174906590019834
6.080492347725232E-05
-0.000148187284717112
3.9229116989797014E-05
-0.00010477419604714225
2.6018779448541606E-05
-8.897495026710667E-05
1.8409402019555076E-05
-7.348821496043142E-05
1.6814029155833094E-05
-8.13087244538914E-05
1.5505137323298665E-05
-0.0001350476355608289
1.4589673459448133E-05
-0.00015082760435329405
2.0915665362514893E-05
-0.00015437651343054234
1.8432168760022798E-05
-0.00012030812141362781
3.2855211849905494E-05
-0.0001648212691091706
4.283776458243565E-05
-0.0001795750026209698
2.9223499234111395E-05
-0.00013248014274643916
4.602612679992964E-05
-0.0001980247067262502
3.717261295695901E-05
-0.00021385367592347167
1.3129867995480046E-05
-0.00014170059378388602
1.3444142878261836E-05
-0.00022245469912279565
-2.251547488288803E-05
-0.00021703890939533607
-3.6157987112470525E-05
-0.00013140086565289208
-5.859773697882277E-05
-0.00019256503414251652
-7.323079058289513E-05
-0.00013859664696617546
-6.724087606569946E-05
-7.875196575075384E-05
-6.296768643541907E-05
-6.435035520114141E-05
-4.7401165582156794E-05
-4.443227673159647E-06
-3.126970276449959E-05
6.832513733768218E-06
-2.887169790310876E-05
3.093880689546743E-05
-8.10247791678141E-06
4.224451135101219E-05
3.315207022582282E-07
2.1284773557487917E-05
8.356417271753445E-06
3.5298072404627446E-05
1.6100793803907167E-05
1.837785710747785E-05
1.1727606931368368E-05
5.265515650168355E-06
1.5552783892588485E-05
6.215979320494877E-07
1.0258712254367975E-05
-1.1981525408589783E-05
5.118784934223848E-06
-8.264274616558674E-06
-1.8487495135045826E-05
-6.929927146634429E-05
-2.3798058232877672E-05
-6.206900783031072E-05
0.0001121482295252126
-0.00013114547161349223
9.452609028626246E-05
-0.0002617534528946905
8.4524695334842E-05
-0.00021938997445542993
0.00010839620730246795
-0.00035783960097572273
0.00010205564222382848
-0.00030952273371171943
0.00011537151735691812
-0.00041838368981152174
0.00011230573650622709
-0.0003912865268215007
0.00013126551685930182
-0.0004254796681323336
0.00012196407565691949
-0.0004380964871220118
0.0001063525902399294
-0.0002802397069259933
0.00012273500764781121
-0.0003717839969054112
1.8638361457937678E-05
-8.912196035270117E-05
2.0339442784907687E-05
-0.00010198658652936163
2.2792774030559294E-05
-0.00011521883520352119
2.355720124002636E-05
-0.00012632932205512357
7.043256605321975E-05
-0.00012617679426016326
0.00010875194706360574
-0.0002101742277092842
4.396715556489669E-05
0.00010862863250751982
3.432455404585961E-05
3.06551573135954E-05
2.853389132572512E-05
-9.759287885677606E-05
2.4033120545702914E-05
-9.360626371395994E-05
2.2198558095507687E-05
-0.00015282133810925764
3.636278116300867E-05
-0.00016773514772495078
4.175611124599139E-05
-0.0001783263762861224
4.787609499936475E-05
-0.00018974258145720672
5.371981136759737E-05
-0.00021947846680296298
5.049703587218402E-05
-0.00022856624451001763
4.7657532242281655E-05
-0.00024896361216093267
2.4989189628792162E-05
-0.000267551348292934
3.0543478116332287E-06
-0.0002548609828386542
-1.2859361243501251E-05
-0.00026396045585737327
-4.3214084208216975E-05
-0.00022419542546892393
-6.035669591375795E-05
-0.00018548713701406483
-5.5566804381168827E-05
-0.00015015678947858258
-5.583977695611925E-05
-6.924260703602015E-05
-5.4087893225297735E-05
-3.08552733503404E-05
-4.7267736501979446E-05
7.696002161201518E-07
-2.9797597706063706E-05
4.582294971724153E-05
-1.8961922747158587E-05
5.0836948726259296E-05
-7.966924572192988E-06
6.1013084340113405E-05
1.012154701796129E-05
5.009872730039715E-05
1.4940319800327891E-05
3.460644359294402E-05
1.818159766110055E-05
2.5237826211525413E-05
1.68132190039838E-05
5.420347936116454E-09
1.3991823150796097E-05
-8.656971834869638E-06
1.0642345542865369E-05
-1.7522189882583465E-05
2.3509092033634357E-05
-0.0001359616418356302
2.3054781621386338E-05
-0.00014474597323244943
8.284945910253612E-06
-2.5612763587719474E-05
2.0132120052113287E-06
-3.448342243195148E-05
-8.67201605384433E-06
-4.341322464205752E-05
4.94955386812763E-05
-0.00013052800367536685
3.953904478010213E-05
-0.00011488613328437466
-2.7424055432889575E-05
-5.2371155370005765E-05
-3.0621476284436956E-05
-1.8266907528961124E-05
-3.543789034573608E-05
9.702677667134535E-06
-1.9630259732365146E-05
5.0153353522349245E-05
-7.235619410647198E-06
0.00014440141091837458
-5.078353803777231E-06
0.00018854285984161445
6.623618411012808E-06
0.0001932081982149586
2.5315509403076074E-05
0.00015520802470831742
7.233018716509505E-05
-0.00017986208978062676
5.9772653581763244E-05
-0.00014827239381785817
7.995184470270007E-05
-0.00020892875832785943
5.8071818605126807E-05
-0.00015350171242634741
7.429762761564085E-05
-0.0002595256750614113
3.1734383181738026E-05
-0.0001391124090606398
2.9283672633086078E-05
-0.00011586357101117488
9.838717550893791E-05
-0.00036927225547567395
0.00010685656152268323
-0.00040004162336560074
0.00010684434428506707
-0.00035951685699531916
9.798027308576518E-05
-0.00028413986623917684
4.001459754951334E-05
-0.00011916731992452946
4.391917717314693E-05
-0.0001832312448494921
7.3208539307163985E-06
0.000166060001300445
-3.641414667879435E-06
0.00012089433868768366
3.636867062253402E-05
-0.00011723919606107178
3.0099442506988294E-05
-0.00015557967241958646
3.802817603417539E-05
-0.00016116700844421954
5.08891888570347E-05
-0.00018682197215059287
5.362524872130024E-05
-0.0002038384466359188
5.85502919947121E-05
-0.00022195733521771475
5.650163128200712E-05
-0.0002614553390163244
4.474841094747798E-05
-0.0002724872434779601
4.103308029235756E-05
-0.0002920837788123066
1.461297226607516E-05
-0.00029080575553816664
-1.4802827666098809E-05
-0.0002626677084604876
-1.1385573306140775E-05
-0.0002466325117004963
-3.1909490826668584E-05
-0.00016891893287921365
-4.8072779850294174E-05
-0.00011592637354363583
-4.2675772243211917E-05
-7.719449115277735E-05
-4.077573883274482E-05
8.103719947785172E-06
-3.798328974015288E-05
3.432919951476283E-05
-2.6505920247968232E-05
6.786881448750566E-05
-5.69038754042676E-06
8.791935799884812E-05
3.002091635776003E-06
7.049271873295262E-05
1.1698935862991251E-05
7.098830154249076E-05
1.8207808060573543E-05
3.376329397919951E-05
1.8415344640241454E-05
1.3538480199828257E-05
1.4938128657681715E-05
-1.9536133145014664E-06
8.744950125911903E-06
-1.872026805810681E-05
-2.022405394769641E-05
-3.457950718925226E-05
-5.0257767444780634E-06
-1.1087553044849402E-05
3.984933097076664E-06
4.59732842527736E-05
-2.1059440249298093E-06
9.135805984056972E-05
7.0770147509595415E-06
0.0001167131896886043
2.223116976002651E-06
0.00015126451462084758
-5.281344908294626E-06
2.4266520584832404E-05
1.6380349295627662E-05
-4.381872802926637E-05
-1.572841192499651E-05
6.916168718817083E-05
-2.7602267790675103E-05
1.6080201145674683E-05
-3.092717483579605E-07
-9.887096073882794E-05
3.9624086343620695E-05
-0.000132172205645981
7.771583890004722E-05
-0.00021609596942108976
6.9057922611469E-05
-0.00018621548194278428
5.888549034184227E-06
0.00012605711930686533
-1.8973472223190926E-06
0.00011798661999285441
-1.8263622306580532E-05
9.276721605965509E-05
4.9941161273093474E-05
-0.00024002345230872413
9.79698006675445E-05
-0.0003165598691024663
9.157438930842298E-05
-0.00028105666645894534
4.596202462876042E-05
-0.00016974071745748907
5.400013014172281E-05
-0.0001822673334044532
6.50466222172041E-05
-0.0002222814521854275
6.328491312705922E-05
-0.00024377329240125867
6.803885305824793E-05
-0.00026879435438253996
5.9812506200620824E-05
-0.0003069930864889447
4.0627050401420995E-05
-0.0003058825804418096
4.168517678639473E-05
-0.0003126165410364985
1.623066205505856E-05
-0.0002717032820554327
-9.462320158283902E-06
-0.00022188193926064338
-8.319991488545467E-06
-0.00019036286163389218
-2.415734191603587E-05
-8.877682293601669E-05
-3.62014456358297E-05
-3.409014212601112E-05
-1.3719067254164621E-05
9.724333534842991E-05
1.1485288215905341E-05
9.278788226998493E-05
1.5904999682214466E-05
6.0678473690236115E-05
1.4118305188857722E-05
4.117857770831023E-05
7.908528217334936E-06
-5.429458474065507E-06
4.0164650689186354E-05
-0.00014500686575238952
3.944283590477467E-05
-0.00015381440480391473
9.585477537585882E-05
-0.00034224565722335877
5.868564089249689E-05
-0.00016492026835986107
6.765364616167276E-06
1.5325353022751717E-05
8.813598023120733E-05
-0.0003709435806162932
8.926269953479316E-05
-0.0003690645472153361
6.997734648569954E-05
-0.00033427951697499736
7.215275057502376E-05
-0.0002952410789562633
7.75635119717771E-05
-0.0003224212639146816
6.45038474289451E-05
-0.00033649733012299475
4.097562705587679E-05
-0.00030987189095949344
4.162846145470262E-05
-0.00030035371529065283
1.726592244823339E-05
-0.00021569475486865088
-6.6229636448938804E-06
-0.0001496629201389564
5.697759847451159E-05
-0.00017620281108969744
6.25281302001337E-05
-0.000199451330450965
7.972245116404388E-05
-0.0002753194665009069
8.236958727154103E-05
-0.0002474129121917898
7.165206590989001E-05
-0.00022105042989143536
4.89896368649039E-05
-0.00015182932216593718
8.59544403208469E-05
-0.00035074411589483545
4.50147655286496E-05
-0.0002774718339025803
